0.100000	0.019809	0.197417
0.200000	0.019675	0.196086
0.300000	0.019543	0.194777
0.400000	0.019413	0.193489
0.500000	0.019285	0.192222
0.600000	0.019160	0.190975
0.700000	0.019036	0.189747
0.800000	0.018914	0.188539
0.900000	0.018794	0.187350
1.000000	0.018676	0.186180
1.100000	0.018560	0.185027
1.200000	0.018446	0.183892
1.300000	0.018333	0.182773
1.400000	0.018222	0.181672
1.500000	0.018113	0.180587
1.600000	0.018005	0.179518
1.700000	0.017899	0.178465
1.800000	0.017794	0.177426
1.900000	0.017691	0.176403
2.000000	0.017590	0.175395
2.100000	0.017490	0.174400
2.200000	0.017391	0.173420
2.300000	0.017294	0.172453
2.400000	0.017198	0.171500
2.500000	0.017103	0.170560
2.600000	0.017010	0.169632
2.700000	0.016917	0.168718
2.800000	0.016827	0.167815
2.900000	0.016737	0.166925
3.000000	0.016648	0.166046
3.100000	0.016561	0.165179
3.200000	0.016475	0.164323
3.300000	0.016390	0.163479
3.400000	0.016306	0.162645
3.500000	0.016223	0.161822
3.600000	0.016141	0.161009
3.700000	0.016061	0.160207
3.800000	0.015981	0.159415
3.900000	0.015902	0.158632
4.000000	0.015825	0.157860
4.100000	0.015748	0.157096
4.200000	0.015672	0.156342
4.300000	0.015597	0.155598
4.400000	0.015523	0.154862
4.500000	0.015450	0.154135
4.600000	0.015378	0.153417
4.700000	0.015306	0.152707
4.800000	0.015236	0.152005
4.900000	0.015166	0.151312
5.000000	0.015097	0.150627
5.100000	0.015029	0.149949
5.200000	0.014961	0.149280
5.300000	0.014895	0.148618
5.400000	0.014829	0.147963
5.500000	0.014764	0.147316
5.600000	0.014700	0.146676
5.700000	0.014636	0.146043
5.800000	0.014573	0.145418
5.900000	0.014511	0.144799
6.000000	0.014449	0.144187
6.100000	0.014388	0.143581
6.200000	0.014328	0.142982
6.300000	0.014269	0.142390
6.400000	0.014210	0.141803
6.500000	0.014151	0.141223
6.600000	0.014094	0.140649
6.700000	0.014037	0.140082
6.800000	0.013980	0.139520
6.900000	0.013924	0.138963
7.000000	0.013869	0.138413
7.100000	0.013814	0.137868
7.200000	0.013760	0.137329
7.300000	0.013706	0.136795
7.400000	0.013653	0.136267
7.500000	0.013601	0.135744
7.600000	0.013548	0.135226
7.700000	0.013497	0.134714
7.800000	0.013446	0.134206
7.900000	0.013395	0.133703
8.000000	0.013345	0.133206
8.100000	0.013296	0.132713
8.200000	0.013247	0.132225
8.300000	0.013198	0.131741
8.400000	0.013150	0.131262
8.500000	0.013102	0.130788
8.600000	0.013055	0.130318
8.700000	0.013009	0.129853
8.800000	0.012962	0.129392
8.900000	0.012916	0.128936
9.000000	0.012871	0.128483
9.100000	0.012826	0.128035
9.200000	0.012781	0.127591
9.300000	0.012737	0.127151
9.400000	0.012693	0.126715
9.500000	0.012650	0.126282
9.600000	0.012607	0.125854
9.700000	0.012564	0.125430
9.800000	0.012522	0.125009
9.900000	0.012480	0.124592
10.000000	0.012439	0.124179
10.100000	0.012397	0.123770
10.200000	0.012357	0.123364
10.300000	0.012316	0.122961
10.400000	0.012276	0.122562
10.500000	0.012236	0.122167
10.600000	0.012197	0.121775
10.700000	0.012158	0.121386
10.800000	0.012119	0.121001
10.900000	0.012081	0.120619
11.000000	0.012043	0.120240
11.100000	0.012005	0.119864
11.200000	0.011968	0.119491
11.300000	0.011931	0.119122
11.400000	0.011894	0.118755
11.500000	0.011857	0.118392
11.600000	0.011821	0.118031
11.700000	0.011785	0.117674
11.800000	0.011750	0.117319
11.900000	0.011714	0.116968
12.000000	0.011679	0.116619
12.100000	0.011645	0.116273
12.200000	0.011610	0.115929
12.300000	0.011576	0.115589
12.400000	0.011542	0.115251
12.500000	0.011508	0.114916
12.600000	0.011475	0.114583
12.700000	0.011442	0.114253
12.800000	0.011409	0.113926
12.900000	0.011376	0.113601
13.000000	0.011344	0.113279
13.100000	0.011312	0.112959
13.200000	0.011280	0.112641
13.300000	0.011248	0.112326
13.400000	0.011217	0.112014
13.500000	0.011186	0.111704
13.600000	0.011155	0.111396
13.700000	0.011124	0.111090
13.800000	0.011094	0.110787
13.900000	0.011064	0.110486
14.000000	0.011034	0.110187
14.100000	0.011004	0.109890
14.200000	0.010974	0.109596
14.300000	0.010945	0.109304
14.400000	0.010916	0.109014
14.500000	0.010887	0.108726
14.600000	0.010858	0.108440
14.700000	0.010830	0.108156
14.800000	0.010801	0.107874
14.900000	0.010773	0.107594
15.000000	0.010746	0.107317
15.100000	0.010718	0.107041
15.200000	0.010690	0.106767
15.300000	0.010663	0.106495
15.400000	0.010636	0.106225
15.500000	0.010609	0.105957
15.600000	0.010582	0.105691
15.700000	0.010556	0.105426
15.800000	0.010529	0.105164
15.900000	0.010503	0.104903
16.000000	0.010477	0.104644
16.100000	0.010452	0.104387
16.200000	0.010426	0.104131
16.300000	0.010400	0.103877
16.400000	0.010375	0.103625
16.500000	0.010350	0.103375
16.600000	0.010325	0.103127
16.700000	0.010300	0.102880
16.800000	0.010276	0.102634
16.900000	0.010251	0.102391
17.000000	0.010227	0.102149
17.100000	0.010203	0.101908
17.200000	0.010179	0.101669
17.300000	0.010155	0.101432
17.400000	0.010131	0.101196
17.500000	0.010108	0.100962
17.600000	0.010085	0.100729
17.700000	0.010061	0.100498
17.800000	0.010038	0.100268
17.900000	0.010015	0.100040
18.000000	0.009993	0.099813
18.100000	0.009970	0.099588
18.200000	0.009948	0.099364
18.300000	0.009925	0.099141
18.400000	0.009903	0.098920
18.500000	0.009881	0.098701
18.600000	0.009859	0.098482
18.700000	0.009837	0.098265
18.800000	0.009816	0.098050
18.900000	0.009794	0.097835
19.000000	0.009773	0.097622
19.100000	0.009752	0.097411
19.200000	0.009731	0.097200
19.300000	0.009710	0.096991
19.400000	0.009689	0.096784
19.500000	0.009668	0.096577
19.600000	0.009647	0.096372
19.700000	0.009627	0.096168
19.800000	0.009607	0.095965
19.900000	0.009586	0.095763
20.000000	0.009566	0.095563
20.100000	0.009546	0.095364
20.200000	0.009526	0.095166
20.300000	0.009507	0.094969
20.400000	0.009487	0.094773
20.500000	0.009468	0.094579
20.600000	0.009448	0.094385
20.700000	0.009429	0.094193
20.800000	0.009410	0.094002
20.900000	0.009391	0.093812
21.000000	0.009372	0.093623
21.100000	0.009353	0.093435
21.200000	0.009334	0.093249
21.300000	0.009316	0.093063
21.400000	0.009297	0.092878
21.500000	0.009279	0.092695
21.600000	0.009260	0.092512
21.700000	0.009242	0.092331
21.800000	0.009224	0.092150
21.900000	0.009206	0.091971
22.000000	0.009188	0.091792
22.100000	0.009170	0.091615
22.200000	0.009153	0.091438
22.300000	0.009135	0.091263
22.400000	0.009118	0.091089
22.500000	0.009100	0.090915
22.600000	0.009083	0.090742
22.700000	0.009066	0.090571
22.800000	0.009049	0.090400
22.900000	0.009032	0.090230
23.000000	0.009015	0.090062
23.100000	0.008998	0.089894
23.200000	0.008981	0.089727
23.300000	0.008964	0.089561
23.400000	0.008948	0.089395
23.500000	0.008931	0.089231
23.600000	0.008915	0.089068
23.700000	0.008899	0.088905
23.800000	0.008882	0.088743
23.900000	0.008866	0.088583
24.000000	0.008850	0.088423
24.100000	0.008834	0.088263
24.200000	0.008818	0.088105
24.300000	0.008803	0.087948
24.400000	0.008787	0.087791
24.500000	0.008771	0.087635
24.600000	0.008756	0.087480
24.700000	0.008740	0.087326
24.800000	0.008725	0.087173
24.900000	0.008710	0.087020
25.000000	0.008694	0.086868
25.100000	0.008679	0.086717
25.200000	0.008664	0.086567
25.300000	0.008649	0.086417
25.400000	0.008634	0.086268
25.500000	0.008619	0.086120
25.600000	0.008605	0.085973
25.700000	0.008590	0.085827
25.800000	0.008575	0.085681
25.900000	0.008561	0.085536
26.000000	0.008546	0.085391
26.100000	0.008532	0.085248
26.200000	0.008518	0.085105
26.300000	0.008503	0.084963
26.400000	0.008489	0.084821
26.500000	0.008475	0.084681
26.600000	0.008461	0.084540
26.700000	0.008447	0.084401
26.800000	0.008433	0.084262
26.900000	0.008419	0.084124
27.000000	0.008406	0.083987
27.100000	0.008392	0.083850
27.200000	0.008378	0.083714
27.300000	0.008365	0.083579
27.400000	0.008351	0.083444
27.500000	0.008338	0.083310
27.600000	0.008324	0.083177
27.700000	0.008311	0.083044
27.800000	0.008298	0.082912
27.900000	0.008285	0.082780
28.000000	0.008271	0.082649
28.100000	0.008258	0.082519
28.200000	0.008245	0.082389
28.300000	0.008232	0.082260
28.400000	0.008220	0.082132
28.500000	0.008207	0.082004
28.600000	0.008194	0.081877
28.700000	0.008181	0.081750
28.800000	0.008169	0.081624
28.900000	0.008156	0.081498
29.000000	0.008144	0.081373
29.100000	0.008131	0.081249
29.200000	0.008119	0.081125
29.300000	0.008106	0.081002
29.400000	0.008094	0.080879
29.500000	0.008082	0.080757
29.600000	0.008070	0.080636
29.700000	0.008058	0.080515
29.800000	0.008045	0.080394
29.900000	0.008033	0.080275
30.000000	0.008021	0.080155
30.100000	0.008010	0.080036
30.200000	0.007998	0.079918
30.300000	0.007986	0.079800
30.400000	0.007974	0.079683
30.500000	0.007962	0.079567
30.600000	0.007951	0.079450
30.700000	0.007939	0.079335
30.800000	0.007928	0.079220
30.900000	0.007916	0.079105
31.000000	0.007905	0.078991
