0.100000	0.014880	0.148319
0.200000	0.014784	0.147369
0.300000	0.014690	0.146434
0.400000	0.014597	0.145514
0.500000	0.014506	0.144609
0.600000	0.014416	0.143717
0.700000	0.014328	0.142840
0.800000	0.014241	0.141976
0.900000	0.014155	0.141126
1.000000	0.014071	0.140288
1.100000	0.013987	0.139463
1.200000	0.013906	0.138651
1.300000	0.013825	0.137850
1.400000	0.013745	0.137061
1.500000	0.013667	0.136283
1.600000	0.013590	0.135517
1.700000	0.013514	0.134762
1.800000	0.013439	0.134018
1.900000	0.013365	0.133284
2.000000	0.013292	0.132560
2.100000	0.013220	0.131847
2.200000	0.013149	0.131143
2.300000	0.013080	0.130449
2.400000	0.013011	0.129764
2.500000	0.012943	0.129089
2.600000	0.012876	0.128423
2.700000	0.012809	0.127765
2.800000	0.012744	0.127117
2.900000	0.012680	0.126477
3.000000	0.012616	0.125845
3.100000	0.012553	0.125221
3.200000	0.012491	0.124606
3.300000	0.012430	0.123998
3.400000	0.012370	0.123398
3.500000	0.012310	0.122806
3.600000	0.012251	0.122221
3.700000	0.012193	0.121643
3.800000	0.012136	0.121072
3.900000	0.012079	0.120509
4.000000	0.012023	0.119952
4.100000	0.011968	0.119402
4.200000	0.011913	0.118859
4.300000	0.011859	0.118322
4.400000	0.011806	0.117792
4.500000	0.011753	0.117268
4.600000	0.011701	0.116750
4.700000	0.011649	0.116238
4.800000	0.011598	0.115732
4.900000	0.011548	0.115231
5.000000	0.011498	0.114737
5.100000	0.011449	0.114248
5.200000	0.011401	0.113765
5.300000	0.011353	0.113287
5.400000	0.011305	0.112814
5.500000	0.011258	0.112347
5.600000	0.011212	0.111885
5.700000	0.011166	0.111428
5.800000	0.011120	0.110976
5.900000	0.011075	0.110529
6.000000	0.011031	0.110086
6.100000	0.010987	0.109649
6.200000	0.010943	0.109216
6.300000	0.010900	0.108788
6.400000	0.010858	0.108364
6.500000	0.010815	0.107945
6.600000	0.010774	0.107530
6.700000	0.010732	0.107119
6.800000	0.010692	0.106713
6.900000	0.010651	0.106310
7.000000	0.010611	0.105912
7.100000	0.010571	0.105518
7.200000	0.010532	0.105128
7.300000	0.010493	0.104742
7.400000	0.010455	0.104359
7.500000	0.010417	0.103981
7.600000	0.010379	0.103606
7.700000	0.010342	0.103235
7.800000	0.010305	0.102867
7.900000	0.010269	0.102503
8.000000	0.010232	0.102143
8.100000	0.010196	0.101786
8.200000	0.010161	0.101432
8.300000	0.010126	0.101082
8.400000	0.010091	0.100735
8.500000	0.010056	0.100392
8.600000	0.010022	0.100052
8.700000	0.009988	0.099714
8.800000	0.009955	0.099380
8.900000	0.009921	0.099049
9.000000	0.009889	0.098721
9.100000	0.009856	0.098397
9.200000	0.009824	0.098075
9.300000	0.009791	0.097756
9.400000	0.009760	0.097439
9.500000	0.009728	0.097126
9.600000	0.009697	0.096816
9.700000	0.009666	0.096508
9.800000	0.009636	0.096203
9.900000	0.009605	0.095901
10.000000	0.009575	0.095601
10.100000	0.009545	0.095304
10.200000	0.009516	0.095009
10.300000	0.009486	0.094717
10.400000	0.009457	0.094428
10.500000	0.009428	0.094141
10.600000	0.009400	0.093856
10.700000	0.009372	0.093574
10.800000	0.009343	0.093295
10.900000	0.009316	0.093017
11.000000	0.009288	0.092742
11.100000	0.009261	0.092470
11.200000	0.009233	0.092199
11.300000	0.009206	0.091931
11.400000	0.009180	0.091665
11.500000	0.009153	0.091401
11.600000	0.009127	0.091139
11.700000	0.009101	0.090880
11.800000	0.009075	0.090622
11.900000	0.009049	0.090367
12.000000	0.009024	0.090113
12.100000	0.008999	0.089862
12.200000	0.008974	0.089613
12.300000	0.008949	0.089365
12.400000	0.008924	0.089120
12.500000	0.008900	0.088876
12.600000	0.008876	0.088635
12.700000	0.008851	0.088395
12.800000	0.008828	0.088157
12.900000	0.008804	0.087921
13.000000	0.008780	0.087687
13.100000	0.008757	0.087454
13.200000	0.008734	0.087224
13.300000	0.008711	0.086995
13.400000	0.008688	0.086768
13.500000	0.008665	0.086542
13.600000	0.008643	0.086319
13.700000	0.008621	0.086096
13.800000	0.008599	0.085876
13.900000	0.008577	0.085657
14.000000	0.008555	0.085440
14.100000	0.008533	0.085224
14.200000	0.008512	0.085010
14.300000	0.008490	0.084798
14.400000	0.008469	0.084587
14.500000	0.008448	0.084378
14.600000	0.008427	0.084170
14.700000	0.008407	0.083963
14.800000	0.008386	0.083758
14.900000	0.008366	0.083555
15.000000	0.008345	0.083353
15.100000	0.008325	0.083152
15.200000	0.008305	0.082953
15.300000	0.008285	0.082755
15.400000	0.008266	0.082559
15.500000	0.008246	0.082364
15.600000	0.008227	0.082170
15.700000	0.008207	0.081978
15.800000	0.008188	0.081787
15.900000	0.008169	0.081597
16.000000	0.008150	0.081409
16.100000	0.008132	0.081222
16.200000	0.008113	0.081036
16.300000	0.008094	0.080851
16.400000	0.008076	0.080668
16.500000	0.008058	0.080486
16.600000	0.008040	0.080305
16.700000	0.008021	0.080125
16.800000	0.008004	0.079947
16.900000	0.007986	0.079769
17.000000	0.007968	0.079593
17.100000	0.007951	0.079418
17.200000	0.007933	0.079244
17.300000	0.007916	0.079071
17.400000	0.007899	0.078900
17.500000	0.007881	0.078729
17.600000	0.007864	0.078560
17.700000	0.007848	0.078392
17.800000	0.007831	0.078224
17.900000	0.007814	0.078058
18.000000	0.007798	0.077893
18.100000	0.007781	0.077729
18.200000	0.007765	0.077566
18.300000	0.007749	0.077404
18.400000	0.007732	0.077243
18.500000	0.007716	0.077083
18.600000	0.007700	0.076924
18.700000	0.007685	0.076766
18.800000	0.007669	0.076609
18.900000	0.007653	0.076453
19.000000	0.007638	0.076298
19.100000	0.007622	0.076144
19.200000	0.007607	0.075991
19.300000	0.007591	0.075839
19.400000	0.007576	0.075687
19.500000	0.007561	0.075537
19.600000	0.007546	0.075388
19.700000	0.007531	0.075239
19.800000	0.007517	0.075091
19.900000	0.007502	0.074945
20.000000	0.007487	0.074799
20.100000	0.007473	0.074654
20.200000	0.007458	0.074509
20.300000	0.007444	0.074366
20.400000	0.007429	0.074223
20.500000	0.007415	0.074082
20.600000	0.007401	0.073941
20.700000	0.007387	0.073801
20.800000	0.007373	0.073662
20.900000	0.007359	0.073523
21.000000	0.007345	0.073386
21.100000	0.007332	0.073249
21.200000	0.007318	0.073113
21.300000	0.007305	0.072978
21.400000	0.007291	0.072843
21.500000	0.007278	0.072709
21.600000	0.007264	0.072576
21.700000	0.007251	0.072444
21.800000	0.007238	0.072313
21.900000	0.007225	0.072182
22.000000	0.007212	0.072052
22.100000	0.007199	0.071923
22.200000	0.007186	0.071794
22.300000	0.007173	0.071666
22.400000	0.007160	0.071539
22.500000	0.007148	0.071413
22.600000	0.007135	0.071287
22.700000	0.007122	0.071162
22.800000	0.007110	0.071038
22.900000	0.007098	0.070914
23.000000	0.007085	0.070791
23.100000	0.007073	0.070668
23.200000	0.007061	0.070547
23.300000	0.007049	0.070426
23.400000	0.007037	0.070305
23.500000	0.007025	0.070186
23.600000	0.007013	0.070067
23.700000	0.007001	0.069948
23.800000	0.006989	0.069830
23.900000	0.006977	0.069713
24.000000	0.006965	0.069596
24.100000	0.006954	0.069480
24.200000	0.006942	0.069365
24.300000	0.006931	0.069250
24.400000	0.006919	0.069136
24.500000	0.006908	0.069023
24.600000	0.006897	0.068910
24.700000	0.006885	0.068797
24.800000	0.006874	0.068685
24.900000	0.006863	0.068574
25.000000	0.006852	0.068463
25.100000	0.006841	0.068353
25.200000	0.006830	0.068244
25.300000	0.006819	0.068135
25.400000	0.006808	0.068026
25.500000	0.006797	0.067918
25.600000	0.006786	0.067811
25.700000	0.006776	0.067704
25.800000	0.006765	0.067598
25.900000	0.006755	0.067492
26.000000	0.006744	0.067387
26.100000	0.006733	0.067282
26.200000	0.006723	0.067178
26.300000	0.006713	0.067075
26.400000	0.006702	0.066972
26.500000	0.006692	0.066869
26.600000	0.006682	0.066767
26.700000	0.006672	0.066665
26.800000	0.006661	0.066564
26.900000	0.006651	0.066463
27.000000	0.006641	0.066363
27.100000	0.006631	0.066264
27.200000	0.006621	0.066164
27.300000	0.006612	0.066066
27.400000	0.006602	0.065968
27.500000	0.006592	0.065870
27.600000	0.006582	0.065772
27.700000	0.006572	0.065676
27.800000	0.006563	0.065579
27.900000	0.006553	0.065483
28.000000	0.006544	0.065388
28.100000	0.006534	0.065293
28.200000	0.006525	0.065198
28.300000	0.006515	0.065104
28.400000	0.006506	0.065011
28.500000	0.006496	0.064917
28.600000	0.006487	0.064825
28.700000	0.006478	0.064732
28.800000	0.006469	0.064640
28.900000	0.006459	0.064549
29.000000	0.006450	0.064458
29.100000	0.006441	0.064367
29.200000	0.006432	0.064277
29.300000	0.006423	0.064187
29.400000	0.006414	0.064098
29.500000	0.006405	0.064009
29.600000	0.006396	0.063920
29.700000	0.006388	0.063832
29.800000	0.006379	0.063744
29.900000	0.006370	0.063657
30.000000	0.006361	0.063570
30.100000	0.006353	0.063483
30.200000	0.006344	0.063397
30.300000	0.006335	0.063311
30.400000	0.006327	0.063225
30.500000	0.006318	0.063140
30.600000	0.006310	0.063056
30.700000	0.006301	0.062971
30.800000	0.006293	0.062887
30.900000	0.006285	0.062804
31.000000	0.006276	0.062721
