    529827	19820430064336	34.9140	-120.3705	 196.00	  39.00	 152.00	 196.00	  39.00	 152.00	 0.0 	3.770	 0.0 	 0.8000
    505543	19820721092818	35.3755	-119.4448	 284.00	  51.00	 106.00	 284.00	  51.00	 106.00	 0.0 	3.180	 0.0 	 21.4500
    507942	19820920173335	35.8318	-119.5880	 152.00	  85.00	 152.00	 152.00	  85.00	 152.00	 0.0 	3.110	 0.0 	 25.5200
    508090	19820923204250	34.8787	-120.3662	 195.00	  59.00	 153.00	 195.00	  59.00	 153.00	 0.0 	3.780	 0.0 	 0.9400
     18961	19831021111314	34.9230	-120.3908	 125.00	  86.00	 -67.00	 125.00	  86.00	 -67.00	 0.0 	3.130	 0.0 	 2.4500
     30185	19840123061354	35.7665	-119.5968	 213.00	  37.00	 -34.00	 213.00	  37.00	 -34.00	 0.0 	2.110	 0.0 	 18.6400
     30473	19840130032617	35.8538	-119.6987	 301.00	  53.00	 110.00	 301.00	  53.00	 110.00	 0.0 	2.350	 0.0 	 35.5400
     33753	19840315124552	35.8625	-119.5542	 322.00	  66.00	-158.00	 322.00	  66.00	-158.00	 0.0 	3.320	 0.0 	 25.1300
     35214	19840329182137	35.8683	-119.5575	 129.00	  55.00	-136.00	 129.00	  55.00	-136.00	 0.0 	2.800	 0.0 	 28.9600
     35215	19840329182457	35.8648	-119.5552	 128.00	  32.00	-111.00	 128.00	  32.00	-111.00	 0.0 	2.620	 0.0 	 22.1500
     35897	19840405071048	35.8600	-119.5563	  62.00	  81.00	  76.00	  62.00	  81.00	  76.00	 0.0 	3.120	 0.0 	 24.5900
     39894	19840516173013	34.8085	-120.3607	 343.00	  80.00	-168.00	 343.00	  80.00	-168.00	 0.0 	3.540	 0.0 	 2.5600
     40560	19840525035125	35.4995	-120.0620	 212.00	  36.00	 -82.00	 212.00	  36.00	 -82.00	 0.0 	2.240	 0.0 	 9.8900
     41883	19840620192806	34.9755	-120.7420	 141.00	  86.00	 112.00	 141.00	  86.00	 112.00	 0.0 	4.050	 0.0 	 9.5000
     45357	19840723111539	34.8522	-120.4097	 203.00	  65.00	 -98.00	 203.00	  65.00	 -98.00	 0.0 	2.950	 0.0 	 0.0000
     49811	19840901223606	35.7675	-120.3432	 308.00	  82.00	 146.00	 308.00	  82.00	 146.00	 0.0 	2.910	 0.0 	 8.6800
     52687	19841019080126	35.8105	-120.0308	   3.00	  44.00	  86.00	   3.00	  44.00	  86.00	 0.0 	3.010	 0.0 	 9.0500
     56124	19841204121738	35.4048	-119.4978	  14.00	  43.00	 -93.00	  14.00	  43.00	 -93.00	 0.0 	2.100	 0.0 	 20.7900
     59173	19850121230247	35.4045	-119.4980	 131.00	  55.00	 159.00	 131.00	  55.00	 159.00	 0.0 	2.360	 0.0 	 20.8500
     61694	19850226233551	35.8847	-119.6170	 141.00	  80.00	 175.00	 141.00	  80.00	 175.00	 0.0 	3.430	 0.0 	 25.8900
     61695	19850226234606	35.8963	-119.6040	 141.00	  62.00	 148.00	 141.00	  62.00	 148.00	 0.0 	2.420	 0.0 	 18.0400
     68491	19850618031523	35.3000	-119.5313	 129.00	  63.00	-180.00	 129.00	  63.00	-180.00	 0.0 	2.570	 0.0 	 21.2200
    109067	19850809084709	36.1335	-120.0052	 189.00	  20.00	-137.00	 189.00	  20.00	-137.00	 0.0 	3.370	 0.0 	 6.0000
    127153	19851024002617	34.8825	-119.4755	 201.00	  57.00	-134.00	 201.00	  57.00	-134.00	 0.0 	2.170	 0.0 	 11.5300
    133992	19851214063543	35.4733	-120.0322	 227.00	  40.00	-148.00	 227.00	  40.00	-148.00	 0.0 	2.140	 0.0 	 6.7000
    111954	19851230045445	35.4323	-119.9980	 334.00	  90.00	-148.00	 334.00	  90.00	-148.00	 0.0 	3.260	 0.0 	 10.5300
    114181	19860120150202	35.2615	-119.4373	 107.00	  57.00	 159.00	 107.00	  57.00	 159.00	 0.0 	2.030	 0.0 	 16.4000
    120430	19860331014933	35.6312	-119.8290	 112.00	  33.00	  74.00	 112.00	  33.00	  74.00	 0.0 	2.680	 0.0 	 11.3300
    126168	19860607095002	35.4302	-120.6962	 157.00	  81.00	 174.00	 157.00	  81.00	 174.00	 0.0 	3.110	 0.0 	 7.5400
    712372	19861105100000	35.3183	-120.3253	 181.00	  86.00	 135.00	 181.00	  86.00	 135.00	 0.0 	2.240	 0.0 	 0.0000
    714269	19861207123309	35.3520	-120.9398	 178.00	  35.00	-108.00	 178.00	  35.00	-108.00	 0.0 	3.280	 0.0 	 8.9500
    714659	19861216094302	35.6033	-119.4098	 172.00	  68.00	-133.00	 172.00	  68.00	-133.00	 0.0 	2.110	 0.0 	 32.0300
    717243	19870214033045	34.7800	-120.4858	 151.00	  85.00	-145.00	 151.00	  85.00	-145.00	 0.0 	3.090	 0.0 	 11.4600
    718896	19870317093606	34.9760	-120.6982	 326.00	  73.00	 113.00	 326.00	  73.00	 113.00	 0.0 	2.270	 0.0 	 7.6800
    133148	19870815160453	35.5152	-120.0778	 200.00	  47.00	 -90.00	 200.00	  47.00	 -90.00	 0.0 	2.730	 0.0 	 9.2800
    623329	19870914025627	35.2797	-120.5922	 324.00	  84.00	 147.00	 324.00	  84.00	 147.00	 0.0 	2.430	 0.0 	 7.3200
    733950	19871029055516	35.9480	-119.4030	 286.00	  50.00	 179.00	 286.00	  50.00	 179.00	 0.0 	2.740	 0.0 	 6.0000
    743909	19880222074313	35.4982	-119.7227	 321.00	  83.00	 169.00	 321.00	  83.00	 169.00	 0.0 	4.200	 0.0 	 27.5000
    640168	19880531155319	35.4408	-120.7072	 318.00	  42.00	-119.00	 318.00	  42.00	-119.00	 0.0 	2.200	 0.0 	 7.1800
    642738	19880709134502	35.2445	-120.3150	 312.00	  87.00	-157.00	 312.00	  87.00	-157.00	 0.0 	2.440	 0.0 	 4.0300
   1008115	19880825025246	35.3940	-119.5170	  82.00	  20.00	 104.00	  82.00	  20.00	 104.00	 0.0 	2.000	 0.0 	 20.7700
   1009227	19880917132701	35.2982	-120.7733	  31.00	  87.00	 104.00	  31.00	  87.00	 104.00	 0.0 	2.720	 0.0 	 4.5400
   1009232	19880917155020	35.5897	-119.5752	 253.00	  54.00	  96.00	 253.00	  54.00	  96.00	 0.0 	3.180	 0.0 	 34.6300
   1012002	19881023112050	35.7682	-120.3438	 297.00	  74.00	 128.00	 297.00	  74.00	 128.00	 0.0 	3.250	 0.0 	 8.2400
   1012692	19881105150325	34.8655	-119.5043	  20.00	  57.00	 -99.00	  20.00	  57.00	 -99.00	 0.0 	2.090	 0.0 	 10.8000
   1013735	19881125111819	35.7783	-120.3635	 151.00	  71.00	-159.00	 151.00	  71.00	-159.00	 0.0 	2.060	 0.0 	 9.3500
   1018255	19890115011016	35.7628	-120.3390	 295.00	  89.00	 134.00	 295.00	  89.00	 134.00	 0.0 	2.340	 0.0 	 8.3800
   1018278	19890115052755	34.9812	-119.5220	 314.00	  88.00	 173.00	 314.00	  88.00	 173.00	 0.0 	2.530	 0.0 	 13.9300
   1019101	19890124013431	34.7695	-119.5185	  15.00	  48.00	-112.00	  15.00	  48.00	-112.00	 0.0 	2.060	 0.0 	 6.4000
   1026112	19890409020738	35.2080	-120.7325	 140.00	  72.00	-146.00	 140.00	  72.00	-146.00	 0.0 	2.910	 0.0 	 7.7800
   1031518	19890605042125	35.0007	-119.5308	 201.00	  46.00	-102.00	 201.00	  46.00	-102.00	 0.0 	2.430	 0.0 	 10.9300
   1032440	19890616070046	34.8127	-121.0438	 350.00	  60.00	 -97.00	 350.00	  60.00	 -97.00	 0.0 	3.540	 0.0 	 20.3400
   1034763	19890715123005	34.8595	-119.5073	 346.00	  68.00	-162.00	 346.00	  68.00	-162.00	 0.0 	2.530	 0.0 	 9.3400
    140140	19891013061503	35.4365	-119.4918	 130.00	  87.00	-156.00	 130.00	  87.00	-156.00	 0.0 	2.230	 0.0 	 21.7700
    670174	19891025162146	35.7772	-120.3622	  18.00	  45.00	 -82.00	  18.00	  45.00	 -82.00	 0.0 	2.980	 0.0 	 9.4000
    672474	19891216030105	35.5132	-120.0743	  13.00	  34.00	-107.00	  13.00	  34.00	-107.00	 0.0 	2.470	 0.0 	 10.2300
   1048524	19891223221355	35.7470	-120.3222	 269.00	  74.00	-160.00	 269.00	  74.00	-160.00	 0.0 	2.230	 0.0 	 3.0700
   1048694	19891226195835	35.3428	-119.4602	 277.00	  49.00	 123.00	 277.00	  49.00	 123.00	 0.0 	3.200	 0.0 	 27.7900
   1051655	19900206181407	34.9567	-121.0715	 327.00	  68.00	 -98.00	 327.00	  68.00	 -98.00	 0.0 	3.580	 0.0 	 16.9200
   1058645	19900514084424	34.8562	-120.4957	 152.00	  60.00	 173.00	 152.00	  60.00	 173.00	 0.0 	3.040	 0.0 	 5.4800
    142386	19900802010044	35.6587	-120.2385	 268.00	  69.00	 144.00	 268.00	  69.00	 144.00	 0.0 	3.190	 0.0 	 7.6900
   2003582	19900828023831	35.6588	-120.2318	 291.00	  68.00	-153.00	 291.00	  68.00	-153.00	 0.0 	2.670	 0.0 	 8.2600
   2006130	19901011015342	34.9693	-119.5125	 137.00	  82.00	-172.00	 137.00	  82.00	-172.00	 0.0 	3.100	 0.0 	 8.8500
   2006686	19901021042541	35.4087	-119.4735	 132.00	  76.00	-172.00	 132.00	  76.00	-172.00	 0.0 	2.420	 0.0 	 17.8200
   2007051	19901027151957	34.8183	-120.1907	 327.00	  79.00	 130.00	 327.00	  79.00	 130.00	 0.0 	2.220	 0.0 	 5.3000
   2010648	19910121024727	35.7640	-120.3418	 154.00	  79.00	-116.00	 154.00	  79.00	-116.00	 0.0 	3.000	 0.0 	 8.1500
   2011700	19910204020721	35.7653	-120.3398	 132.00	  87.00	-136.00	 132.00	  87.00	-136.00	 0.0 	2.840	 0.0 	 8.3800
   2012506	19910214131652	35.4048	-120.6647	 322.00	  88.00	 139.00	 322.00	  88.00	 139.00	 0.0 	2.430	 0.0 	 5.1800
   2017605	19910504234902	34.8105	-120.3237	 352.00	  80.00	 155.00	 352.00	  80.00	 155.00	 0.0 	2.540	 0.0 	 0.0000
   2038209	19911229024822	35.2563	-119.5817	 321.00	  83.00	-161.00	 321.00	  83.00	-161.00	 0.0 	2.010	 0.0 	 17.0500
   2043039	19920224172402	35.7782	-120.3632	 183.00	  43.00	-111.00	 183.00	  43.00	-111.00	 0.0 	2.760	 0.0 	 9.3900
   2046341	19920404053538	34.9513	-119.5103	 226.00	  44.00	 -70.00	 226.00	  44.00	 -70.00	 0.0 	2.000	 0.0 	 11.8700
   2046974	19920411101143	35.4007	-119.9583	 164.00	  55.00	 148.00	 164.00	  55.00	 148.00	 0.0 	2.020	 0.0 	 6.0600
   3084870	19921226042346	34.8867	-119.5407	 360.00	  90.00	 146.00	 360.00	  90.00	 146.00	 0.0 	2.590	 0.0 	 9.0300
   3124048	19930927201522	35.7543	-120.3580	 332.00	  80.00	-166.00	 332.00	  80.00	-166.00	 0.0 	3.490	 0.0 	 9.7000
   3126880	19931013095402	34.8212	-120.9505	 157.00	  84.00	 119.00	 157.00	  84.00	 119.00	 0.0 	3.670	 0.0 	 21.2200
   3132637	19931119162743	35.4045	-119.4970	 141.00	  61.00	 155.00	 141.00	  61.00	 155.00	 0.0 	2.120	 0.0 	 23.4000
   3133731	19931127044854	34.8262	-120.4212	 152.00	  76.00	 122.00	 152.00	  76.00	 122.00	 0.0 	2.660	 0.0 	 1.5200
   3136196	19931212004509	35.4538	-119.9927	 359.00	  78.00	-118.00	 359.00	  78.00	-118.00	 0.0 	2.620	 0.0 	 8.7500
   3171456	19940608021726	34.8403	-119.6920	 218.00	  86.00	 166.00	 218.00	  86.00	 166.00	 0.0 	2.090	 0.0 	 3.0000
   3186421	19940927231944	34.8172	-120.8818	 212.00	  82.00	-134.00	 212.00	  82.00	-134.00	 0.0 	2.810	 0.0 	 14.6800
   3208157	19950328053641	35.3140	-119.4245	 111.00	  87.00	 136.00	 111.00	  87.00	 136.00	 0.0 	2.920	 0.0 	 21.4600
   3209046	19950405202026	35.7630	-120.3390	 131.00	  68.00	 142.00	 131.00	  68.00	 142.00	 0.0 	3.340	 0.0 	 8.4400
   3218864	19950708002629	35.3985	-119.5417	  82.00	  47.00	  92.00	  82.00	  47.00	  92.00	 0.0 	3.130	 0.0 	 20.8500
   3219378	19950713130804	34.9473	-120.8287	 207.00	  82.00	-136.00	 207.00	  82.00	-136.00	 0.0 	3.080	 0.0 	 12.3700
   3242290	19951108204406	35.1822	-119.4472	 126.00	  31.00	 127.00	 126.00	  31.00	 127.00	 0.0 	2.180	 0.0 	 15.1400
   3251783	19960124075629	34.8993	-119.5597	 169.00	  85.00	 170.00	 169.00	  85.00	 170.00	 0.0 	3.070	 0.0 	 10.0400
   3269839	19960708070747	34.8978	-119.5593	 175.00	  73.00	-151.00	 175.00	  73.00	-151.00	 0.0 	2.450	 0.0 	 9.8800
   7063544	19970327233937	35.2490	-119.4245	 257.00	  69.00	 105.00	 257.00	  69.00	 105.00	 0.0 	2.190	 0.0 	 22.6000
   9010084	19970509181014	34.8202	-120.3087	 190.00	  43.00	-175.00	 190.00	  43.00	-175.00	 0.0 	3.000	 0.0 	 0.4200
   9010927	19970518214533	34.8188	-120.3078	 185.00	  83.00	-144.00	 185.00	  83.00	-144.00	 0.0 	3.150	 0.0 	 0.3000
   9013183	19970613233056	35.1652	-119.4085	 159.00	  47.00	 170.00	 159.00	  47.00	 170.00	 0.0 	2.450	 0.0 	 10.7900
   9033003	19971129030032	35.0178	-119.5172	   6.00	  90.00	 133.00	   6.00	  90.00	 133.00	 0.0 	2.270	 0.0 	 10.3800
   9069249	19981016014811	34.8162	-120.3517	 348.00	  87.00	-180.00	 348.00	  87.00	-180.00	 0.0 	2.940	 0.0 	 3.1300
   9069597	19981021052701	35.6368	-120.9337	 162.00	  87.00	 169.00	 162.00	  87.00	 169.00	 0.0 	3.220	 0.0 	 0.0000
   9074618	19981229045158	35.2838	-119.4903	 233.00	  55.00	  94.00	 233.00	  55.00	  94.00	 0.0 	2.100	 0.0 	 23.8700
   9083733	19990416084000	35.4975	-119.5730	 303.00	  82.00	-172.00	 303.00	  82.00	-172.00	 0.0 	2.830	 0.0 	 31.5500
   9142627	20000312065935	34.9695	-120.7335	 155.00	  80.00	 106.00	 155.00	  80.00	 106.00	 0.0 	3.650	 0.0 	 21.7600
   9165664	20001011193047	35.6237	-119.5195	  14.00	  71.00	 156.00	  14.00	  71.00	 156.00	 0.0 	2.930	 0.0 	 26.9200
   9171215	20001218184216	35.3058	-119.4363	 168.00	  45.00	 131.00	 168.00	  45.00	 131.00	 0.0 	2.780	 0.0 	 2.8300
   9171216	20001218184344	35.3040	-119.4172	  42.00	  24.00	 -17.00	  42.00	  24.00	 -17.00	 0.0 	2.610	 0.0 	 1.4100
   9172370	20010102052244	35.3008	-119.4318	 129.00	  90.00	-102.00	 129.00	  90.00	-102.00	 0.0 	2.690	 0.0 	 0.0200
  11618772	20010624234538	34.9442	-119.4388	 247.00	  44.00	 144.00	 247.00	  44.00	 144.00	 0.0 	2.150	 0.0 	 10.3000
   9705673	20010912134116	34.8832	-119.5598	   8.00	  71.00	-151.00	   8.00	  71.00	-151.00	 0.0 	2.030	 0.0 	 10.6200
   9709589	20010929115000	34.9667	-119.4722	 171.00	  74.00	 170.00	 171.00	  74.00	 170.00	 0.0 	3.010	 0.0 	 12.6000
   9717953	20011031014601	35.7848	-120.3538	 131.00	  89.00	 152.00	 131.00	  89.00	 152.00	 0.0 	2.790	 0.0 	 10.4900
   9721541	20011109030530	34.8793	-119.4757	 201.00	  35.00	 -83.00	 201.00	  35.00	 -83.00	 0.0 	2.070	 0.0 	 12.1800
   9748765	20020115193442	35.5528	-119.4742	 267.00	  88.00	-164.00	 267.00	  88.00	-164.00	 0.0 	2.360	 0.0 	 34.6800
  12451628	20020216201034	35.1612	-119.4155	  84.00	  40.00	  78.00	  84.00	  40.00	  78.00	 0.0 	2.870	 0.0 	 20.3400
   9809025	20020813180325	35.3068	-119.4422	 197.00	  59.00	 171.00	 197.00	  59.00	 171.00	 0.0 	3.150	 0.0 	 2.9700
   9849941	20021012034831	35.6423	-119.6210	 188.00	  33.00	  -9.00	 188.00	  33.00	  -9.00	 0.0 	2.450	 0.0 	 28.7700
  13909920	20021112164825	35.9655	-120.5618	 238.00	  41.00	  34.00	 238.00	  41.00	  34.00	 0.0 	4.220	 0.0 	 12.8500
   9883333	20030127214853	34.8925	-120.4187	 138.00	  67.00	 160.00	 138.00	  67.00	 160.00	 0.0 	2.650	 0.0 	 2.4400
  13930556	20030131122727	34.8915	-120.4195	 140.00	  16.00	-159.00	 140.00	  16.00	-159.00	 0.0 	2.120	 0.0 	 2.6700
   9906317	20030409141052	35.0570	-119.6147	 182.00	  61.00	 146.00	 182.00	  61.00	 146.00	 0.0 	2.600	 0.0 	 13.4200
  13967144	20030526033130	34.9048	-119.5215	 165.00	  63.00	-154.00	 165.00	  63.00	-154.00	 0.0 	2.060	 0.0 	 4.9600
   9941145	20030827085006	35.6178	-119.5343	 356.00	  88.00	-167.00	 356.00	  88.00	-167.00	 0.0 	2.420	 0.0 	 26.3500
   9944669	20030913082324	34.8588	-119.4920	   3.00	  76.00	 164.00	   3.00	  76.00	 164.00	 0.0 	2.900	 0.0 	 10.7200
  13997532	20031015053147	35.3913	-119.9705	 329.00	  53.00	 122.00	 329.00	  53.00	 122.00	 0.0 	2.280	 0.0 	 8.2700
  13997548	20031015074700	35.3915	-119.9705	  51.00	  67.00	 -64.00	  51.00	  67.00	 -64.00	 0.0 	2.040	 0.0 	 8.0100
  13998096	20031018072718	35.2200	-120.8012	 150.00	  70.00	 155.00	 150.00	  70.00	 155.00	 0.0 	3.190	 0.0 	 7.9100
  13998100	20031018073859	35.2230	-120.8012	 176.00	  32.00	-132.00	 176.00	  32.00	-132.00	 0.0 	2.990	 0.0 	 8.2700
  14002392	20031107135526	35.3127	-119.5063	  11.00	  88.00	-120.00	  11.00	  88.00	-120.00	 0.0 	2.310	 0.0 	 22.4400
   9968525	20031224174223	34.7847	-120.4817	 164.00	  77.00	 178.00	 164.00	  77.00	 178.00	 0.0 	3.690	 0.0 	 11.2800
   9973785	20040109073450	35.2730	-120.2782	 106.00	  72.00	 132.00	 106.00	  72.00	 132.00	 0.0 	3.010	 0.0 	 2.8800
   9993521	20040323103440	34.7938	-120.4837	 153.00	  89.00	 167.00	 153.00	  89.00	 167.00	 0.0 	2.700	 0.0 	 9.0100
  14042504	20040331212836	34.8517	-120.2412	  77.00	   6.00	 -12.00	  77.00	   6.00	 -12.00	 0.0 	2.730	 0.0 	 3.2700
   9999337	20040411204010	35.0058	-119.5160	 312.00	  79.00	-169.00	 312.00	  79.00	-169.00	 0.0 	2.880	 0.0 	 12.4700
   9999629	20040412173057	34.8923	-119.5472	 346.00	  87.00	-174.00	 346.00	  87.00	-174.00	 0.0 	2.430	 0.0 	 10.2000
  10001081	20040416205519	34.8502	-120.2357	 189.00	  80.00	 -90.00	 189.00	  80.00	 -90.00	 0.0 	2.730	 0.0 	 2.5300
  10008765	20040514122223	34.8955	-119.4390	 345.00	  60.00	-144.00	 345.00	  60.00	-144.00	 0.0 	2.020	 0.0 	 11.0900
  14073324	20040712115855	35.5703	-119.5090	 225.00	  45.00	-107.00	 225.00	  45.00	-107.00	 0.0 	2.050	 0.0 	 0.7400
  14074120	20040715014322	35.2998	-119.4327	 289.00	  19.00	  18.00	 289.00	  19.00	  18.00	 0.0 	3.500	 0.0 	 2.4400
